1,70
2,70
3,70
4,70
5,70
6,70
7,70
8,70
9,70
10,70
11,70
12,70
13,70
14,70
15,70
16,70
17,70
18,70
19,70
20,70
21,70
22,70
23,70
24,70
25,70
26,70
27,70
28,70
29,70
30,70
31,70
32,70
33,70
34,70
35,70
36,70
37,70
38,70
39,70
40,70
41,70
42,70
43,70
44,70
45,70
46,70
47,70
48,70
49,70
50,70
51,70
52,70
53,70
54,70
55,70
56,70
57,70
58,70
59,70
60,70
61,70
62,70
63,70
64,70
65,70
66,70
67,70
68,70
69,70
70,70
71,70
72,70
73,70
74,70
75,70
76,70
77,70
78,70
79,70
80,70
81,70
82,70
83,70
84,70
85,70
86,70
87,70
88,70
89,70
90,70
91,70
92,70
93,70
94,70
95,70
96,70
97,70
98,70
99,70
100,70
101,70
102,70
103,70
104,70
105,70
106,70
107,70
108,70
109,70
110,70
111,70
112,70
113,70
114,70
115,70
116,70
117,70
118,70
119,70
120,70
121,70
122,70
123,70
124,70
125,70
126,70
127,70
128,70
129,70
130,70
131,70
132,70
133,70
134,70
135,70
136,70
137,70
138,70
139,70
140,70
141,70
142,70
143,70
144,70
145,70
146,70
147,70
148,70
149,70
150,70
151,70
152,70
153,70
154,70
155,70
156,70
157,70
158,70
159,70
160,70
161,70
162,70
163,70
164,70
165,70
166,70
167,70
168,70
169,70
170,70
171,70
172,70
173,70
174,70
175,70
176,70
177,70
178,70
179,70
180,70
181,70
182,70
183,70
184,70
185,70
186,70
187,70
188,70
189,70
190,70
191,70
192,70
193,70
194,70
195,70
196,70
197,70
198,70
199,70
200,70
201,70
202,70
203,70
204,70
205,70
206,70
207,70
208,70
209,70
210,70
211,70
212,70
213,70
214,70
215,70
216,70
217,70
218,70
219,70
220,70
221,70
222,70
223,70
224,70
225,70
226,70
227,70
228,70
229,70
230,70
231,70
232,70
233,70
234,70
235,70
236,70
237,70
238,70
239,70
240,70
241,70
242,70
243,70
244,70
245,70
246,70
247,70
248,70
249,70
250,70
251,70
252,70
253,70
254,70
255,70
256,70
257,70
258,70
259,70
260,70
261,70
262,70
263,70
264,70
265,70
266,70
267,70
268,70
269,70
270,70
271,70
272,70
273,70
274,70
275,70
276,70
277,70
278,70
279,70
280,70
281,70
282,70
283,70
284,70
285,70
286,70
287,70
288,70
289,70
290,70
291,70
292,70
293,70
294,70
295,70
296,70
297,70
298,70
299,70
300,70
301,70
302,70
303,70
304,70
305,70
306,70
307,70
308,70
309,70
310,70
311,70
312,70
313,70
314,70
315,70
316,70
317,70
318,70
319,70
320,70
321,70
322,70
323,70
324,70
325,70
326,70
327,70
328,70
329,70
330,70
331,70
332,70
333,70
334,70
335,70
336,70
337,70
338,70
339,70
340,70
341,70
342,70
343,70
344,70
345,70
346,70
347,70
348,70
349,70
350,70
351,70
352,70
353,70
354,70
355,70
356,70
357,70
358,70
359,70
360,70
361,70
362,70
363,70
364,70
365,70
366,70
367,70
368,70
369,70
370,70
371,70
372,70
373,70
374,70
375,70
376,70
377,70
378,70
379,70
380,70
381,70
382,70
383,70
384,70
385,70
386,70
387,70
388,70
389,70
390,70
391,70
392,70
393,70
394,70
395,70
396,70
397,70
398,70
399,70
400,70
401,70
402,70
403,70
404,70
405,70
406,70
407,70
408,70
409,70
410,70
411,70
412,70
413,70
414,70
415,70
416,70
417,70
418,70
419,70
420,70
421,70
422,70
423,70
424,70
425,70
426,70
427,70
428,70
429,70
430,70
431,70
432,70
433,70
434,70
435,70
436,70
437,70
438,70
439,70
440,70
441,70
442,70
443,70
444,70
445,70
446,70
447,70
448,70
449,70
450,70
451,70
452,70
453,70
454,70
455,70
456,70
457,70
458,70
459,70
460,70
461,70
462,70
463,70
464,70
465,70
466,70
467,70
468,70
469,70
470,70
471,70
472,70
473,70
474,70
475,70
476,70
477,70
478,70
479,70
480,70
481,70
482,70
483,70
484,70
485,70
486,70
487,70
488,70
489,70
490,70
491,70
492,70
493,70
494,70
495,70
496,70
497,70
498,70
499,70
500,70
501,70
502,70
503,70
504,70
505,70
506,70
507,70
508,70
509,70
510,70
511,70
512,70
513,70
514,70
515,70
516,70
517,70
518,70
519,70
520,70
521,70
522,70
523,70
524,70
525,70
526,70
527,70
528,70
529,70
530,70
531,70
532,70
533,70
534,70
535,70
536,70
537,70
538,70
539,70
540,70
541,70
542,70
543,70
544,70
545,70
546,70
547,70
548,70
549,70
550,70
551,70
552,70
553,70
554,70
555,70
556,70
557,70
558,70
559,70
560,70
561,70
562,70
563,70
564,70
565,70
566,70
567,70
568,70
569,70
570,70
571,70
572,70
573,70
574,70
575,70
576,70
577,70
578,70
579,70
580,70
581,70
582,70
583,70
584,70
585,70
586,70
587,70
588,70
589,70
590,70
591,70
592,70
593,70
594,70
595,70
596,70
597,70
598,70
599,70
600,70
601,70
602,70
603,70
604,70
605,70
606,70
607,70
608,70
609,70
610,70
611,70
612,70
613,70
614,70
615,70
616,70
617,70
618,70
619,70
620,70
621,70
622,70
623,70
624,70
625,70
626,70
627,70
628,70
629,70
630,70
631,70
632,70
633,70
634,70
635,70
636,70
637,70
638,70
639,70
640,70
641,70
642,70
643,70
644,70
645,70
646,70
647,70
648,70
649,70
650,70
651,70
652,70
653,70
654,70
655,70
656,70
657,70
658,70
659,70
660,70
661,70
662,70
663,70
664,70
665,70
666,70
667,70
668,70
669,70
670,70
671,70
672,70
673,70
674,70
675,70
676,70
677,70
678,70
679,70
680,70
681,70
682,70
683,70
684,70
685,70
686,70
687,70
688,70
689,70
690,70
691,70
692,70
693,70
694,70
695,70
696,70
697,70
698,70
699,70
700,70
701,70
702,70
703,70
704,70
705,70
706,70
707,70
708,70
709,70
710,70
711,70
712,70
713,70
714,70
715,70
716,70
717,70
718,70
719,70
720,70
721,70
722,70
723,70
724,70
725,70
726,70
727,70
728,70
729,70
730,70
731,70
732,70
733,70
734,70
735,70
736,70
737,70
738,70
739,70
740,70
741,70
742,70
743,70
744,70
745,70
746,70
747,70
748,70
749,70
750,70
751,70
752,70
753,70
754,70
755,70
756,70
757,70
758,70
759,70
760,70
761,70
762,70
763,70
764,70
765,70
766,70
767,70
768,70
769,70
770,70
771,70
772,70
773,70
774,70
775,70
776,70
777,70
778,70
779,70
780,70
781,70
782,70
783,70
784,70
785,70
786,70
787,70
788,70
789,70
790,70
791,70
792,70
793,70
794,70
795,70
796,70
797,70
798,70
799,70
800,70
801,70
802,70
803,70
804,70
805,70
806,70
807,70
808,70
809,70
810,70
811,70
812,70
813,70
814,70
815,70
816,70
817,70
818,70
819,70
820,70
821,70
822,70
823,70
824,70
825,70
826,70
827,70
828,70
829,70
830,70
831,70
832,70
833,70
834,70
835,70
836,70
837,70
838,70
839,70
840,70
841,70
842,70
843,70
844,70
845,70
846,70
847,70
848,70
849,70
850,70
851,70
852,70
853,70
854,70
855,70
856,70
857,70
858,70
859,70
860,70
861,70
862,70
863,70
864,70
865,70
866,70
867,70
868,70
869,70
870,70
871,70
872,70
873,70
874,70
875,70
876,70
877,70
878,70
879,70
880,70
881,70
882,70
883,70
884,70
885,70
886,70
887,70
888,70
889,70
890,70
891,70
892,70
893,70
894,70
895,70
896,70
897,70
898,70
899,70
900,70
901,210
902,210
903,210
904,210
905,210
906,210
907,210
908,210
909,210
910,210
911,210
912,210
913,210
914,210
915,210
916,210
917,210
918,210
919,210
920,210
921,210
922,210
923,210
924,210
925,210
926,210
927,210
928,210
929,210
930,210
931,210
932,210
933,210
934,210
935,210
936,210
937,210
938,210
939,210
940,210
941,210
942,210
943,210
944,210
945,210
946,210
947,210
948,210
949,210
950,210
951,210
952,210
953,210
954,210
955,210
956,210
957,210
958,210
959,210
960,210
961,210
962,210
963,210
964,210
965,210
966,210
967,210
968,210
969,210
970,210
971,210
972,210
973,210
974,210
975,210
976,210
977,210
978,210
979,210
980,210
981,210
982,210
983,210
984,210
985,210
986,210
987,210
988,210
989,210
990,210
991,210
992,210
993,210
994,210
995,210
996,210
997,210
998,210
999,210
1000,210
1001,210
1002,210
1003,210
1004,210
1005,210
1006,210
1007,210
1008,210
1009,210
1010,210
1011,210
1012,210
1013,210
1014,210
1015,210
1016,210
1017,210
1018,210
1019,210
1020,210
1021,210
1022,210
1023,210
1024,210
1025,210
1026,210
1027,210
1028,210
1029,210
1030,210
1031,210
1032,210
1033,210
1034,210
1035,210
1036,210
1037,210
1038,210
1039,210
1040,210
1041,210
1042,210
1043,210
1044,210
1045,210
1046,210
1047,210
1048,210
1049,210
1050,210
1051,210
1052,210
1053,210
1054,210
1055,210
1056,210
1057,210
1058,210
1059,210
1060,210
1061,210
1062,210
1063,210
1064,210
1065,210
1066,210
1067,210
1068,210
1069,210
1070,210
1071,210
1072,210
1073,210
1074,210
1075,210
1076,210
1077,210
1078,210
1079,210
1080,210
1081,210
1082,210
1083,210
1084,210
1085,210
1086,210
1087,210
1088,210
1089,210
1090,210
1091,210
1092,210
1093,210
1094,210
1095,210
1096,210
1097,210
1098,210
1099,210
1100,210
1101,210
1102,210
1103,210
1104,210
1105,210
1106,210
1107,210
1108,210
1109,210
1110,210
1111,210
1112,210
1113,210
1114,210
1115,210
1116,210
1117,210
1118,210
1119,210
1120,210
1121,210
1122,210
1123,210
1124,210
1125,210
1126,210
1127,210
1128,210
1129,210
1130,210
1131,210
1132,210
1133,210
1134,210
1135,210
1136,210
1137,210
1138,210
1139,210
1140,210
1141,210
1142,210
1143,210
1144,210
1145,210
1146,210
1147,210
1148,210
1149,210
1150,210
1151,210
1152,210
1153,210
1154,210
1155,210
1156,210
1157,210
1158,210
1159,210
1160,210
1161,210
1162,210
1163,210
1164,210
1165,210
1166,210
1167,210
1168,210
1169,210
1170,210
1171,210
1172,210
1173,210
1174,210
1175,210
1176,210
1177,210
1178,210
1179,210
1180,210
1181,210
1182,210
1183,210
1184,210
1185,210
1186,210
1187,210
1188,210
1189,210
1190,210
1191,210
1192,210
1193,210
1194,210
1195,210
1196,210
1197,210
1198,210
1199,210
1200,210
1201,210
1202,210
1203,210
1204,210
1205,210
1206,210
1207,210
1208,210
1209,210
1210,210
1211,210
1212,210
1213,210
1214,210
1215,210
1216,210
1217,210
1218,210
1219,210
1220,210
1221,210
1222,210
1223,210
1224,210
1225,210
1226,210
1227,210
1228,210
1229,210
1230,210
1231,210
1232,210
1233,210
1234,210
1235,210
1236,210
1237,210
1238,210
1239,210
1240,210
1241,210
1242,210
1243,210
1244,210
1245,210
1246,210
1247,210
1248,210
1249,210
1250,210
1251,210
1252,210
1253,210
1254,210
1255,210
1256,210
1257,210
1258,210
1259,210
1260,210
1261,210
1262,210
1263,210
1264,210
1265,210
1266,210
1267,210
1268,210
1269,210
1270,210
1271,210
1272,210
1273,210
1274,210
1275,210
1276,210
1277,210
1278,210
1279,210
1280,210
1281,210
1282,210
1283,210
1284,210
1285,210
1286,210
1287,210
1288,210
1289,210
1290,210
1291,210
1292,210
1293,210
1294,210
1295,210
1296,210
1297,210
1298,210
1299,210
1300,210
1301,210
1302,210
1303,210
1304,210
1305,210
1306,210
1307,210
1308,210
1309,210
1310,210
1311,210
1312,210
1313,210
1314,210
1315,210
1316,210
1317,210
1318,210
1319,210
1320,210
1321,210
1322,210
1323,210
1324,210
1325,210
1326,210
1327,210
1328,210
1329,210
1330,210
1331,210
1332,210
1333,210
1334,210
1335,210
1336,210
1337,210
1338,210
1339,210
1340,210
1341,210
1342,210
1343,210
1344,210
1345,210
1346,210
1347,210
1348,210
1349,210
1350,210
1351,210
1352,210
1353,210
1354,210
1355,210
1356,210
1357,210
1358,210
1359,210
1360,210
1361,210
1362,210
1363,210
1364,210
1365,210
1366,210
1367,210
1368,210
1369,210
1370,210
1371,210
1372,210
1373,210
1374,210
1375,210
1376,210
1377,210
1378,210
1379,210
1380,210
1381,210
1382,210
1383,210
1384,210
1385,210
1386,210
1387,210
1388,210
1389,210
1390,210
1391,210
1392,210
1393,210
1394,210
1395,210
1396,210
1397,210
1398,210
1399,210
1400,210
1401,210
1402,210
1403,210
1404,210
1405,210
1406,210
1407,210
1408,210
1409,210
1410,210
1411,210
1412,210
1413,210
1414,210
1415,210
1416,210
1417,210
1418,210
1419,210
1420,210
1421,210
1422,210
1423,210
1424,210
1425,210
1426,210
1427,210
1428,210
1429,210
1430,210
1431,210
1432,210
1433,210
1434,210
1435,210
1436,210
1437,210
1438,210
1439,210
1440,210
1441,210
1442,210
1443,210
1444,210
1445,210
1446,210
1447,210
1448,210
1449,210
1450,210
1451,210
1452,210
1453,210
1454,210
1455,210
1456,210
1457,210
1458,210
1459,210
1460,210
1461,210
1462,210
1463,210
1464,210
1465,210
1466,210
1467,210
1468,210
1469,210
1470,210
1471,210
1472,210
1473,210
1474,210
1475,210
1476,210
1477,210
1478,210
1479,210
1480,210
1481,210
1482,210
1483,210
1484,210
1485,210
1486,210
1487,210
1488,210
1489,210
1490,210
1491,210
1492,210
1493,210
1494,210
1495,210
1496,210
1497,210
1498,210
1499,210
1500,210
1501,210
1502,210
1503,210
1504,210
1505,210
1506,210
1507,210
1508,210
1509,210
1510,210
1511,210
1512,210
1513,210
1514,210
1515,210
1516,210
1517,210
1518,210
1519,210
1520,210
1521,210
1522,210
1523,210
1524,210
1525,210
1526,210
1527,210
1528,210
1529,210
1530,210
1531,210
1532,210
1533,210
1534,210
1535,210
1536,210
1537,210
1538,210
1539,210
1540,210
1541,210
1542,210
1543,210
1544,210
1545,210
1546,210
1547,210
1548,210
1549,210
1550,210
1551,210
1552,210
1553,210
1554,210
1555,210
1556,210
1557,210
1558,210
1559,210
1560,210
1561,210
1562,210
1563,210
1564,210
1565,210
1566,210
1567,210
1568,210
1569,210
1570,210
1571,210
1572,210
1573,210
1574,210
1575,210
1576,210
1577,210
1578,210
1579,210
1580,210
1581,210
1582,210
1583,210
1584,210
1585,210
1586,210
1587,210
1588,210
1589,210
1590,210
1591,210
1592,210
1593,210
1594,210
1595,210
1596,210
1597,210
1598,210
1599,210
1600,210
1601,210
1602,210
1603,210
1604,210
1605,210
1606,210
1607,210
1608,210
1609,210
1610,210
1611,210
1612,210
1613,210
1614,210
1615,210
1616,210
1617,210
1618,210
1619,210
1620,210
1621,210
1622,210
1623,210
1624,210
1625,210
1626,210
1627,210
1628,210
1629,210
1630,210
1631,210
1632,210
1633,210
1634,210
1635,210
1636,210
1637,210
1638,210
1639,210
1640,210
1641,210
1642,210
1643,210
1644,210
1645,210
1646,210
1647,210
1648,210
1649,210
1650,210
1651,210
1652,210
1653,210
1654,210
1655,210
1656,210
1657,210
1658,210
1659,210
1660,210
1661,210
1662,210
1663,210
1664,210
1665,210
1666,210
1667,210
1668,210
1669,210
1670,210
1671,210
1672,210
1673,210
1674,210
1675,210
1676,210
1677,210
1678,210
1679,210
1680,210
1681,210
1682,210
1683,210
1684,210
1685,210
1686,210
1687,210
1688,210
1689,210
1690,210
1691,210
1692,210
1693,210
1694,210
1695,210
1696,210
1697,210
1698,210
1699,210
1700,210
1701,210
1702,210
1703,210
1704,210
1705,210
1706,210
1707,210
1708,210
1709,210
1710,210
1711,210
1712,210
1713,210
1714,210
1715,210
1716,210
1717,210
1718,210
1719,210
1720,210
1721,210
1722,210
1723,210
1724,210
1725,210
1726,210
1727,210
1728,210
1729,210
1730,210
1731,210
1732,210
1733,210
1734,210
1735,210
1736,210
1737,210
1738,210
1739,210
1740,210
1741,210
1742,210
1743,210
1744,210
1745,210
1746,210
1747,210
1748,210
1749,210
1750,210
1751,210
1752,210
1753,210
1754,210
1755,210
1756,210
1757,210
1758,210
1759,210
1760,210
1761,210
1762,210
1763,210
1764,210
1765,210
1766,210
1767,210
1768,210
1769,210
1770,210
1771,210
1772,210
1773,210
1774,210
1775,210
1776,210
1777,210
1778,210
1779,210
1780,210
1781,210
1782,210
1783,210
1784,210
1785,210
1786,210
1787,210
1788,210
1789,210
1790,210
1791,210
1792,210
1793,210
1794,210
1795,210
1796,210
1797,210
1798,210
1799,210
1800,210
1801,210
1802,210
1803,210
1804,210
1805,210
1806,210
1807,210
1808,210
1809,210
1810,210
1811,210
1812,210
1813,210
1814,210
1815,210
1816,210
1817,210
1818,210
1819,210
1820,210
1821,210
1822,210
1823,210
1824,210
1825,210
1826,210
1827,210
1828,210
1829,210
1830,210
1831,210
1832,210
1833,210
1834,210
1835,210
1836,210
1837,210
1838,210
1839,210
1840,210
1841,210
1842,210
1843,210
1844,210
1845,210
1846,210
1847,210
1848,210
1849,210
1850,210
1851,210
1852,210
1853,210
1854,210
1855,210
1856,210
1857,210
1858,210
1859,210
1860,210
1861,210
1862,210
1863,210
1864,210
1865,210
1866,210
1867,210
1868,210
1869,210
1870,210
1871,210
1872,210
1873,210
1874,210
1875,210
1876,210
1877,210
1878,210
1879,210
1880,210
1881,210
1882,210
1883,210
1884,210
1885,210
1886,210
1887,210
1888,210
1889,210
1890,210
1891,210
1892,210
1893,210
1894,210
1895,210
1896,210
1897,210
1898,210
1899,210
1900,210
1901,210
1902,210
1903,210
1904,210
1905,210
1906,210
1907,210
1908,210
1909,210
1910,210
1911,210
1912,210
1913,210
1914,210
1915,210
1916,210
1917,210
1918,210
1919,210
1920,210
1921,210
1922,210
1923,210
1924,210
1925,210
1926,210
1927,210
1928,210
1929,210
1930,210
1931,210
1932,210
1933,210
1934,210
1935,210
1936,210
1937,210
1938,210
1939,210
1940,210
1941,210
1942,210
1943,210
1944,210
1945,210
1946,210
1947,210
1948,210
1949,210
1950,210
1951,210
1952,210
1953,210
1954,210
1955,210
1956,210
1957,210
1958,210
1959,210
1960,210
1961,210
1962,210
1963,210
1964,210
1965,210
1966,210
1967,210
1968,210
1969,210
1970,210
1971,210
1972,210
1973,210
1974,210
1975,210
1976,210
1977,210
1978,210
1979,210
1980,210
1981,210
1982,210
1983,210
1984,210
1985,210
1986,210
1987,210
1988,210
1989,210
1990,210
1991,210
1992,210
1993,210
1994,210
1995,210
1996,210
1997,210
1998,210
1999,210
2000,210
2001,210
2002,210
2003,210
2004,210
2005,210
2006,210
2007,210
2008,210
2009,210
2010,210
2011,210
2012,210
2013,210
2014,210
2015,210
2016,210
2017,210
2018,210
2019,210
2020,210
2021,210
2022,210
2023,210
2024,210
2025,210
2026,210
2027,210
2028,210
2029,210
2030,210
2031,210
2032,210
2033,210
2034,210
2035,210
2036,210
2037,210
2038,210
2039,210
2040,210
2041,210
2042,210
2043,210
2044,210
2045,210
2046,210
2047,210
2048,210
2049,210
2050,210
2051,210
2052,210
2053,210
2054,210
2055,210
2056,210
2057,210
2058,210
2059,210
2060,210
2061,210
2062,210
2063,210
2064,210
2065,210
2066,210
2067,210
2068,210
2069,210
2070,210
2071,210
2072,210
2073,210
2074,210
2075,210
2076,210
2077,210
2078,210
2079,210
2080,210
2081,210
2082,210
2083,210
2084,210
2085,210
2086,210
2087,210
2088,210
2089,210
2090,210
2091,210
2092,210
2093,210
2094,210
2095,210
2096,210
2097,210
2098,210
2099,210
2100,210
2101,210
2102,210
2103,210
2104,210
2105,210
2106,210
2107,210
2108,210
2109,210
2110,210
2111,210
2112,210
2113,210
2114,210
2115,210
2116,210
2117,210
2118,210
2119,210
2120,210
2121,210
2122,210
2123,210
2124,210
2125,210
2126,210
2127,210
2128,210
2129,210
2130,210
2131,210
2132,210
2133,210
2134,210
2135,210
2136,210
2137,210
2138,210
2139,210
2140,210
2141,210
2142,210
2143,210
2144,210
2145,210
2146,210
2147,210
2148,210
2149,210
2150,210
2151,210
2152,210
2153,210
2154,210
2155,210
2156,210
2157,210
2158,210
2159,210
2160,210
2161,210
2162,210
2163,210
2164,210
2165,210
2166,210
2167,210
2168,210
2169,210
2170,210
2171,210
2172,210
2173,210
2174,210
2175,210
2176,210
2177,210
2178,210
2179,210
2180,210
2181,210
2182,210
2183,210
2184,210
2185,210
2186,210
2187,210
2188,210
2189,210
2190,210
2191,210
2192,210
2193,210
2194,210
2195,210
2196,210
2197,210
2198,210
2199,210
2200,210
2201,210
2202,210
2203,210
2204,210
2205,210
2206,210
2207,210
2208,210
2209,210
2210,210
2211,210
2212,210
2213,210
2214,210
2215,210
2216,210
2217,210
2218,210
2219,210
2220,210
2221,210
2222,210
2223,210
2224,210
2225,210
2226,210
2227,210
2228,210
2229,210
2230,210
2231,210
2232,210
2233,210
2234,210
2235,210
2236,210
2237,210
2238,210
2239,210
2240,210
2241,210
2242,210
2243,210
2244,210
2245,210
2246,210
2247,210
2248,210
2249,210
2250,210
2251,210
2252,210
2253,210
2254,210
2255,210
2256,210
2257,210
2258,210
2259,210
2260,210
2261,210
2262,210
2263,210
2264,210
2265,210
2266,210
2267,210
2268,210
2269,210
2270,210
2271,210
2272,210
2273,210
2274,210
2275,210
2276,210
2277,210
2278,210
2279,210
2280,210
2281,210
2282,210
2283,210
2284,210
2285,210
2286,210
2287,210
2288,210
2289,210
2290,210
2291,210
2292,210
2293,210
2294,210
2295,210
2296,210
2297,210
2298,210
2299,210
2300,210
2301,210
2302,210
2303,210
2304,210
2305,210
2306,210
2307,210
2308,210
2309,210
2310,210
2311,210
2312,210
2313,210
2314,210
2315,210
2316,210
2317,210
2318,210
2319,210
2320,210
2321,210
2322,210
2323,210
2324,210
2325,210
2326,210
2327,210
2328,210
2329,210
2330,210
2331,210
2332,210
2333,210
2334,210
2335,210
2336,210
2337,210
2338,210
2339,210
2340,210
2341,210
2342,210
2343,210
2344,210
2345,210
2346,210
2347,210
2348,210
2349,210
2350,210
2351,210
2352,210
2353,210
2354,210
2355,210
2356,210
2357,210
2358,210
2359,210
2360,210
2361,210
2362,210
2363,210
2364,210
2365,210
2366,210
2367,210
2368,210
2369,210
2370,210
2371,210
2372,210
2373,210
2374,210
2375,210
2376,210
2377,210
2378,210
2379,210
2380,210
2381,210
2382,210
2383,210
2384,210
2385,210
2386,210
2387,210
2388,210
2389,210
2390,210
2391,210
2392,210
2393,210
2394,210
2395,210
2396,210
2397,210
2398,210
2399,210
2400,210
2401,210
2402,210
2403,210
2404,210
2405,210
2406,210
2407,210
2408,210
2409,210
2410,210
2411,210
2412,210
2413,210
2414,210
2415,210
2416,210
2417,210
2418,210
2419,210
2420,210
2421,210
2422,210
2423,210
2424,210
2425,210
2426,210
2427,210
2428,210
2429,210
2430,210
2431,210
2432,210
2433,210
2434,210
2435,210
2436,210
2437,210
2438,210
2439,210
2440,210
2441,210
2442,210
2443,210
2444,210
2445,210
2446,210
2447,210
2448,210
2449,210
2450,210
2451,210
2452,210
2453,210
2454,210
2455,210
2456,210
2457,210
2458,210
2459,210
2460,210
2461,210
2462,210
2463,210
2464,210
2465,210
2466,210
2467,210
2468,210
2469,210
2470,210
2471,210
2472,210
2473,210
2474,210
2475,210
2476,210
2477,210
2478,210
2479,210
2480,210
2481,210
2482,210
2483,210
2484,210
2485,210
2486,210
2487,210
2488,210
2489,210
2490,210
2491,210
2492,210
2493,210
2494,210
2495,210
2496,210
2497,210
2498,210
2499,210
2500,210
2501,210
2502,210
2503,210
2504,210
2505,210
2506,210
2507,210
2508,210
2509,210
2510,210
2511,210
2512,210
2513,210
2514,210
2515,210
2516,210
2517,210
2518,210
2519,210
2520,210
2521,210
2522,210
2523,210
2524,210
2525,210
2526,210
2527,210
2528,210
2529,210
2530,210
2531,210
2532,210
2533,210
2534,210
2535,210
2536,210
2537,210
2538,210
2539,210
2540,210
2541,210
2542,210
2543,210
2544,210
2545,210
2546,210
2547,210
2548,210
2549,210
2550,210
2551,210
2552,210
2553,210
2554,210
2555,210
2556,210
2557,210
2558,210
2559,210
2560,210
2561,210
2562,210
2563,210
2564,210
2565,210
2566,210
2567,210
2568,210
2569,210
2570,210
2571,210
2572,210
2573,210
2574,210
2575,210
2576,210
2577,210
2578,210
2579,210
2580,210
2581,210
2582,210
2583,210
2584,210
2585,210
2586,210
2587,210
2588,210
2589,210
2590,210
2591,210
2592,210
2593,210
2594,210
2595,210
2596,210
2597,210
2598,210
2599,210
2600,210
2601,210
2602,210
2603,210
2604,210
2605,210
2606,210
2607,210
2608,210
2609,210
2610,210
2611,210
2612,210
2613,210
2614,210
2615,210
2616,210
2617,210
2618,210
2619,210
2620,210
2621,210
2622,210
2623,210
2624,210
2625,210
2626,210
2627,210
2628,210
2629,210
2630,210
2631,210
2632,210
2633,210
2634,210
2635,210
2636,210
2637,210
2638,210
2639,210
2640,210
2641,210
2642,210
2643,210
2644,210
2645,210
2646,210
2647,210
2648,210
2649,210
2650,210
2651,210
2652,210
2653,210
2654,210
2655,210
2656,210
2657,210
2658,210
2659,210
2660,210
2661,210
2662,210
2663,210
2664,210
2665,210
2666,210
2667,210
2668,210
2669,210
2670,210
2671,210
2672,210
2673,210
2674,210
2675,210
2676,210
2677,210
2678,210
2679,210
2680,210
2681,210
2682,210
2683,210
2684,210
2685,210
2686,210
2687,210
2688,210
2689,210
2690,210
2691,210
2692,210
2693,210
2694,210
2695,210
2696,210
2697,210
2698,210
2699,210
2700,210
2701,70
2702,70
2703,70
2704,70
2705,70
2706,70
2707,70
2708,70
2709,70
2710,70
2711,70
2712,70
2713,70
2714,70
2715,70
2716,70
2717,70
2718,70
2719,70
2720,70
2721,70
2722,70
2723,70
2724,70
2725,70
2726,70
2727,70
2728,70
2729,70
2730,70
2731,70
2732,70
2733,70
2734,70
2735,70
2736,70
2737,70
2738,70
2739,70
2740,70
2741,70
2742,70
2743,70
2744,70
2745,70
2746,70
2747,70
2748,70
2749,70
2750,70
2751,70
2752,70
2753,70
2754,70
2755,70
2756,70
2757,70
2758,70
2759,70
2760,70
2761,70
2762,70
2763,70
2764,70
2765,70
2766,70
2767,70
2768,70
2769,70
2770,70
2771,70
2772,70
2773,70
2774,70
2775,70
2776,70
2777,70
2778,70
2779,70
2780,70
2781,70
2782,70
2783,70
2784,70
2785,70
2786,70
2787,70
2788,70
2789,70
2790,70
2791,70
2792,70
2793,70
2794,70
2795,70
2796,70
2797,70
2798,70
2799,70
2800,70
2801,70
2802,70
2803,70
2804,70
2805,70
2806,70
2807,70
2808,70
2809,70
2810,70
2811,70
2812,70
2813,70
2814,70
2815,70
2816,70
2817,70
2818,70
2819,70
2820,70
2821,70
2822,70
2823,70
2824,70
2825,70
2826,70
2827,70
2828,70
2829,70
2830,70
2831,70
2832,70
2833,70
2834,70
2835,70
2836,70
2837,70
2838,70
2839,70
2840,70
2841,70
2842,70
2843,70
2844,70
2845,70
2846,70
2847,70
2848,70
2849,70
2850,70
2851,70
2852,70
2853,70
2854,70
2855,70
2856,70
2857,70
2858,70
2859,70
2860,70
2861,70
2862,70
2863,70
2864,70
2865,70
2866,70
2867,70
2868,70
2869,70
2870,70
2871,70
2872,70
2873,70
2874,70
2875,70
2876,70
2877,70
2878,70
2879,70
2880,70
2881,70
2882,70
2883,70
2884,70
2885,70
2886,70
2887,70
2888,70
2889,70
2890,70
2891,70
2892,70
2893,70
2894,70
2895,70
2896,70
2897,70
2898,70
2899,70
2900,70
2901,70
2902,70
2903,70
2904,70
2905,70
2906,70
2907,70
2908,70
2909,70
2910,70
2911,70
2912,70
2913,70
2914,70
2915,70
2916,70
2917,70
2918,70
2919,70
2920,70
2921,70
2922,70
2923,70
2924,70
2925,70
2926,70
2927,70
2928,70
2929,70
2930,70
2931,70
2932,70
2933,70
2934,70
2935,70
2936,70
2937,70
2938,70
2939,70
2940,70
2941,70
2942,70
2943,70
2944,70
2945,70
2946,70
2947,70
2948,70
2949,70
2950,70
2951,70
2952,70
2953,70
2954,70
2955,70
2956,70
2957,70
2958,70
2959,70
2960,70
2961,70
2962,70
2963,70
2964,70
2965,70
2966,70
2967,70
2968,70
2969,70
2970,70
2971,70
2972,70
2973,70
2974,70
2975,70
2976,70
2977,70
2978,70
2979,70
2980,70
2981,70
2982,70
2983,70
2984,70
2985,70
2986,70
2987,70
2988,70
2989,70
2990,70
2991,70
2992,70
2993,70
2994,70
2995,70
2996,70
2997,70
2998,70
2999,70
3000,70
3001,70
3002,70
3003,70
3004,70
3005,70
3006,70
3007,70
3008,70
3009,70
3010,70
3011,70
3012,70
3013,70
3014,70
3015,70
3016,70
3017,70
3018,70
3019,70
3020,70
3021,70
3022,70
3023,70
3024,70
3025,70
3026,70
3027,70
3028,70
3029,70
3030,70
3031,70
3032,70
3033,70
3034,70
3035,70
3036,70
3037,70
3038,70
3039,70
3040,70
3041,70
3042,70
3043,70
3044,70
3045,70
3046,70
3047,70
3048,70
3049,70
3050,70
3051,70
3052,70
3053,70
3054,70
3055,70
3056,70
3057,70
3058,70
3059,70
3060,70
3061,70
3062,70
3063,70
3064,70
3065,70
3066,70
3067,70
3068,70
3069,70
3070,70
3071,70
3072,70
3073,70
3074,70
3075,70
3076,70
3077,70
3078,70
3079,70
3080,70
3081,70
3082,70
3083,70
3084,70
3085,70
3086,70
3087,70
3088,70
3089,70
3090,70
3091,70
3092,70
3093,70
3094,70
3095,70
3096,70
3097,70
3098,70
3099,70
3100,70
3101,70
3102,70
3103,70
3104,70
3105,70
3106,70
3107,70
3108,70
3109,70
3110,70
3111,70
3112,70
3113,70
3114,70
3115,70
3116,70
3117,70
3118,70
3119,70
3120,70
3121,70
3122,70
3123,70
3124,70
3125,70
3126,70
3127,70
3128,70
3129,70
3130,70
3131,70
3132,70
3133,70
3134,70
3135,70
3136,70
3137,70
3138,70
3139,70
3140,70
3141,70
3142,70
3143,70
3144,70
3145,70
3146,70
3147,70
3148,70
3149,70
3150,70
3151,70
3152,70
3153,70
3154,70
3155,70
3156,70
3157,70
3158,70
3159,70
3160,70
3161,70
3162,70
3163,70
3164,70
3165,70
3166,70
3167,70
3168,70
3169,70
3170,70
3171,70
3172,70
3173,70
3174,70
3175,70
3176,70
3177,70
3178,70
3179,70
3180,70
3181,70
3182,70
3183,70
3184,70
3185,70
3186,70
3187,70
3188,70
3189,70
3190,70
3191,70
3192,70
3193,70
3194,70
3195,70
3196,70
3197,70
3198,70
3199,70
3200,70
3201,70
3202,70
3203,70
3204,70
3205,70
3206,70
3207,70
3208,70
3209,70
3210,70
3211,70
3212,70
3213,70
3214,70
3215,70
3216,70
3217,70
3218,70
3219,70
3220,70
3221,70
3222,70
3223,70
3224,70
3225,70
3226,70
3227,70
3228,70
3229,70
3230,70
3231,70
3232,70
3233,70
3234,70
3235,70
3236,70
3237,70
3238,70
3239,70
3240,70
3241,70
3242,70
3243,70
3244,70
3245,70
3246,70
3247,70
3248,70
3249,70
3250,70
3251,70
3252,70
3253,70
3254,70
3255,70
3256,70
3257,70
3258,70
3259,70
3260,70
3261,70
3262,70
3263,70
3264,70
3265,70
3266,70
3267,70
3268,70
3269,70
3270,70
3271,70
3272,70
3273,70
3274,70
3275,70
3276,70
3277,70
3278,70
3279,70
3280,70
3281,70
3282,70
3283,70
3284,70
3285,70
3286,70
3287,70
3288,70
3289,70
3290,70
3291,70
3292,70
3293,70
3294,70
3295,70
3296,70
3297,70
3298,70
3299,70
3300,70
3301,70
3302,70
3303,70
3304,70
3305,70
3306,70
3307,70
3308,70
3309,70
3310,70
3311,70
3312,70
3313,70
3314,70
3315,70
3316,70
3317,70
3318,70
3319,70
3320,70
3321,70
3322,70
3323,70
3324,70
3325,70
3326,70
3327,70
3328,70
3329,70
3330,70
3331,70
3332,70
3333,70
3334,70
3335,70
3336,70
3337,70
3338,70
3339,70
3340,70
3341,70
3342,70
3343,70
3344,70
3345,70
3346,70
3347,70
3348,70
3349,70
3350,70
3351,70
3352,70
3353,70
3354,70
3355,70
3356,70
3357,70
3358,70
3359,70
3360,70
3361,70
3362,70
3363,70
3364,70
3365,70
3366,70
3367,70
3368,70
3369,70
3370,70
3371,70
3372,70
3373,70
3374,70
3375,70
3376,70
3377,70
3378,70
3379,70
3380,70
3381,70
3382,70
3383,70
3384,70
3385,70
3386,70
3387,70
3388,70
3389,70
3390,70
3391,70
3392,70
3393,70
3394,70
3395,70
3396,70
3397,70
3398,70
3399,70
3400,70
3401,70
3402,70
3403,70
3404,70
3405,70
3406,70
3407,70
3408,70
3409,70
3410,70
3411,70
3412,70
3413,70
3414,70
3415,70
3416,70
3417,70
3418,70
3419,70
3420,70
3421,70
3422,70
3423,70
3424,70
3425,70
3426,70
3427,70
3428,70
3429,70
3430,70
3431,70
3432,70
3433,70
3434,70
3435,70
3436,70
3437,70
3438,70
3439,70
3440,70
3441,70
3442,70
3443,70
3444,70
3445,70
3446,70
3447,70
3448,70
3449,70
3450,70
3451,70
3452,70
3453,70
3454,70
3455,70
3456,70
3457,70
3458,70
3459,70
3460,70
3461,70
3462,70
3463,70
3464,70
3465,70
3466,70
3467,70
3468,70
3469,70
3470,70
3471,70
3472,70
3473,70
3474,70
3475,70
3476,70
3477,70
3478,70
3479,70
3480,70
3481,70
3482,70
3483,70
3484,70
3485,70
3486,70
3487,70
3488,70
3489,70
3490,70
3491,70
3492,70
3493,70
3494,70
3495,70
3496,70
3497,70
3498,70
3499,70
3500,70
3501,70
3502,70
3503,70
3504,70
3505,70
3506,70
3507,70
3508,70
3509,70
3510,70
3511,70
3512,70
3513,70
3514,70
3515,70
3516,70
3517,70
3518,70
3519,70
3520,70
3521,70
3522,70
3523,70
3524,70
3525,70
3526,70
3527,70
3528,70
3529,70
3530,70
3531,70
3532,70
3533,70
3534,70
3535,70
3536,70
3537,70
3538,70
3539,70
3540,70
3541,70
3542,70
3543,70
3544,70
3545,70
3546,70
3547,70
3548,70
3549,70
3550,70
3551,70
3552,70
3553,70
3554,70
3555,70
3556,70
3557,70
3558,70
3559,70
3560,70
3561,70
3562,70
3563,70
3564,70
3565,70
3566,70
3567,70
3568,70
3569,70
3570,70
3571,70
3572,70
3573,70
3574,70
3575,70
3576,70
3577,70
3578,70
3579,70
3580,70
3581,70
3582,70
3583,70
3584,70
3585,70
3586,70
3587,70
3588,70
3589,70
3590,70
3591,70
3592,70
3593,70
3594,70
3595,70
3596,70
3597,70
3598,70
3599,70
3600,70
3601,70
3602,70
3603,70
3604,70
3605,70
3606,70
3607,70
3608,70
3609,70
3610,70
3611,70
3612,70
3613,70
3614,70
3615,70
3616,70
3617,70
3618,70
3619,70
3620,70
3621,70
3622,70
3623,70
3624,70
3625,70
3626,70
3627,70
3628,70
3629,70
3630,70
3631,70
3632,70
3633,70
3634,70
3635,70
3636,70
3637,70
3638,70
3639,70
3640,70
3641,70
3642,70
3643,70
3644,70
3645,70
3646,70
3647,70
3648,70
3649,70
3650,70
3651,70
3652,70
3653,70
3654,70
3655,70
3656,70
3657,70
3658,70
3659,70
3660,70
3661,70
3662,70
3663,70
3664,70
3665,70
3666,70
3667,70
3668,70
3669,70
3670,70
3671,70
3672,70
3673,70
3674,70
3675,70
3676,70
3677,70
3678,70
3679,70
3680,70
3681,70
3682,70
3683,70
3684,70
3685,70
3686,70
3687,70
3688,70
3689,70
3690,70
3691,70
3692,70
3693,70
3694,70
3695,70
3696,70
3697,70
3698,70
3699,70
3700,70
3701,70
3702,70
3703,70
3704,70
3705,70
3706,70
3707,70
3708,70
3709,70
3710,70
3711,70
3712,70
3713,70
3714,70
3715,70
3716,70
3717,70
3718,70
3719,70
3720,70
3721,70
3722,70
3723,70
3724,70
3725,70
3726,70
3727,70
3728,70
3729,70
3730,70
3731,70
3732,70
3733,70
3734,70
3735,70
3736,70
3737,70
3738,70
3739,70
3740,70
3741,70
3742,70
3743,70
3744,70
3745,70
3746,70
3747,70
3748,70
3749,70
3750,70
3751,70
3752,70
3753,70
3754,70
3755,70
3756,70
3757,70
3758,70
3759,70
3760,70
3761,70
3762,70
3763,70
3764,70
3765,70
3766,70
3767,70
3768,70
3769,70
3770,70
3771,70
3772,70
3773,70
3774,70
3775,70
3776,70
3777,70
3778,70
3779,70
3780,70
3781,70
3782,70
3783,70
3784,70
3785,70
3786,70
3787,70
3788,70
3789,70
3790,70
3791,70
3792,70
3793,70
3794,70
3795,70
3796,70
3797,70
3798,70
3799,70
3800,70
3801,70
3802,70
3803,70
3804,70
3805,70
3806,70
3807,70
3808,70
3809,70
3810,70
3811,70
3812,70
3813,70
3814,70
3815,70
3816,70
3817,70
3818,70
3819,70
3820,70
3821,70
3822,70
3823,70
3824,70
3825,70
3826,70
3827,70
3828,70
3829,70
3830,70
3831,70
3832,70
3833,70
3834,70
3835,70
3836,70
3837,70
3838,70
3839,70
3840,70
3841,70
3842,70
3843,70
3844,70
3845,70
3846,70
3847,70
3848,70
3849,70
3850,70
3851,70
3852,70
3853,70
3854,70
3855,70
3856,70
3857,70
3858,70
3859,70
3860,70
3861,70
3862,70
3863,70
3864,70
3865,70
3866,70
3867,70
3868,70
3869,70
3870,70
3871,70
3872,70
3873,70
3874,70
3875,70
3876,70
3877,70
3878,70
3879,70
3880,70
3881,70
3882,70
3883,70
3884,70
3885,70
3886,70
3887,70
3888,70
3889,70
3890,70
3891,70
3892,70
3893,70
3894,70
3895,70
3896,70
3897,70
3898,70
3899,70
3900,70
3901,70
3902,70
3903,70
3904,70
3905,70
3906,70
3907,70
3908,70
3909,70
3910,70
3911,70
3912,70
3913,70
3914,70
3915,70
3916,70
3917,70
3918,70
3919,70
3920,70
3921,70
3922,70
3923,70
3924,70
3925,70
3926,70
3927,70
3928,70
3929,70
3930,70
3931,70
3932,70
3933,70
3934,70
3935,70
3936,70
3937,70
3938,70
3939,70
3940,70
3941,70
3942,70
3943,70
3944,70
3945,70
3946,70
3947,70
3948,70
3949,70
3950,70
3951,70
3952,70
3953,70
3954,70
3955,70
3956,70
3957,70
3958,70
3959,70
3960,70
3961,70
3962,70
3963,70
3964,70
3965,70
3966,70
3967,70
3968,70
3969,70
3970,70
3971,70
3972,70
3973,70
3974,70
3975,70
3976,70
3977,70
3978,70
3979,70
3980,70
3981,70
3982,70
3983,70
3984,70
3985,70
3986,70
3987,70
3988,70
3989,70
3990,70
3991,70
3992,70
3993,70
3994,70
3995,70
3996,70
3997,70
3998,70
3999,70
4000,70
4001,70
4002,70
4003,70
4004,70
4005,70
4006,70
4007,70
4008,70
4009,70
4010,70
4011,70
4012,70
4013,70
4014,70
4015,70
4016,70
4017,70
4018,70
4019,70
4020,70
4021,70
4022,70
4023,70
4024,70
4025,70
4026,70
4027,70
4028,70
4029,70
4030,70
4031,70
4032,70
4033,70
4034,70
4035,70
4036,70
4037,70
4038,70
4039,70
4040,70
4041,70
4042,70
4043,70
4044,70
4045,70
4046,70
4047,70
4048,70
4049,70
4050,70
4051,70
4052,70
4053,70
4054,70
4055,70
4056,70
4057,70
4058,70
4059,70
4060,70
4061,70
4062,70
4063,70
4064,70
4065,70
4066,70
4067,70
4068,70
4069,70
4070,70
4071,70
4072,70
4073,70
4074,70
4075,70
4076,70
4077,70
4078,70
4079,70
4080,70
4081,70
4082,70
4083,70
4084,70
4085,70
4086,70
4087,70
4088,70
4089,70
4090,70
4091,70
4092,70
4093,70
4094,70
4095,70
4096,70
4097,70
4098,70
4099,70
4100,70
4101,70
4102,70
4103,70
4104,70
4105,70
4106,70
4107,70
4108,70
4109,70
4110,70
4111,70
4112,70
4113,70
4114,70
4115,70
4116,70
4117,70
4118,70
4119,70
4120,70
4121,70
4122,70
4123,70
4124,70
4125,70
4126,70
4127,70
4128,70
4129,70
4130,70
4131,70
4132,70
4133,70
4134,70
4135,70
4136,70
4137,70
4138,70
4139,70
4140,70
4141,70
4142,70
4143,70
4144,70
4145,70
4146,70
4147,70
4148,70
4149,70
4150,70
4151,70
4152,70
4153,70
4154,70
4155,70
4156,70
4157,70
4158,70
4159,70
4160,70
4161,70
4162,70
4163,70
4164,70
4165,70
4166,70
4167,70
4168,70
4169,70
4170,70
4171,70
4172,70
4173,70
4174,70
4175,70
4176,70
4177,70
4178,70
4179,70
4180,70
4181,70
4182,70
4183,70
4184,70
4185,70
4186,70
4187,70
4188,70
4189,70
4190,70
4191,70
4192,70
4193,70
4194,70
4195,70
4196,70
4197,70
4198,70
4199,70
4200,70
4201,70
4202,70
4203,70
4204,70
4205,70
4206,70
4207,70
4208,70
4209,70
4210,70
4211,70
4212,70
4213,70
4214,70
4215,70
4216,70
4217,70
4218,70
4219,70
4220,70
4221,70
4222,70
4223,70
4224,70
4225,70
4226,70
4227,70
4228,70
4229,70
4230,70
4231,70
4232,70
4233,70
4234,70
4235,70
4236,70
4237,70
4238,70
4239,70
4240,70
4241,70
4242,70
4243,70
4244,70
4245,70
4246,70
4247,70
4248,70
4249,70
4250,70
4251,70
4252,70
4253,70
4254,70
4255,70
4256,70
4257,70
4258,70
4259,70
4260,70
4261,70
4262,70
4263,70
4264,70
4265,70
4266,70
4267,70
4268,70
4269,70
4270,70
4271,70
4272,70
4273,70
4274,70
4275,70
4276,70
4277,70
4278,70
4279,70
4280,70
4281,70
4282,70
4283,70
4284,70
4285,70
4286,70
4287,70
4288,70
4289,70
4290,70
4291,70
4292,70
4293,70
4294,70
4295,70
4296,70
4297,70
4298,70
4299,70
4300,70
4301,70
4302,70
4303,70
4304,70
4305,70
4306,70
4307,70
4308,70
4309,70
4310,70
4311,70
4312,70
4313,70
4314,70
4315,70
4316,70
4317,70
4318,70
4319,70
4320,70
4321,70
4322,70
4323,70
4324,70
4325,70
4326,70
4327,70
4328,70
4329,70
4330,70
4331,70
4332,70
4333,70
4334,70
4335,70
4336,70
4337,70
4338,70
4339,70
4340,70
4341,70
4342,70
4343,70
4344,70
4345,70
4346,70
4347,70
4348,70
4349,70
4350,70
4351,70
4352,70
4353,70
4354,70
4355,70
4356,70
4357,70
4358,70
4359,70
4360,70
4361,70
4362,70
4363,70
4364,70
4365,70
4366,70
4367,70
4368,70
4369,70
4370,70
4371,70
4372,70
4373,70
4374,70
4375,70
4376,70
4377,70
4378,70
4379,70
4380,70
4381,70
4382,70
4383,70
4384,70
4385,70
4386,70
4387,70
4388,70
4389,70
4390,70
4391,70
4392,70
4393,70
4394,70
4395,70
4396,70
4397,70
4398,70
4399,70
4400,70
4401,70
4402,70
4403,70
4404,70
4405,70
4406,70
4407,70
4408,70
4409,70
4410,70
4411,70
4412,70
4413,70
4414,70
4415,70
4416,70
4417,70
4418,70
4419,70
4420,70
4421,70
4422,70
4423,70
4424,70
4425,70
4426,70
4427,70
4428,70
4429,70
4430,70
4431,70
4432,70
4433,70
4434,70
4435,70
4436,70
4437,70
4438,70
4439,70
4440,70
4441,70
4442,70
4443,70
4444,70
4445,70
4446,70
4447,70
4448,70
4449,70
4450,70
4451,70
4452,70
4453,70
4454,70
4455,70
4456,70
4457,70
4458,70
4459,70
4460,70
4461,70
4462,70
4463,70
4464,70
4465,70
4466,70
4467,70
4468,70
4469,70
4470,70
4471,70
4472,70
4473,70
4474,70
4475,70
4476,70
4477,70
4478,70
4479,70
4480,70
4481,70
4482,70
4483,70
4484,70
4485,70
4486,70
4487,70
4488,70
4489,70
4490,70
4491,70
4492,70
4493,70
4494,70
4495,70
4496,70
4497,70
4498,70
4499,70
4500,70
